1 0.01745329251
0 0.01745329251
0 0.01745329251
0 0.01745329251
0 0.01745329251
0 0.01745329251
0 0.01745329251
0 0.01745329251
0 0.01745329251
0 0.01745329251
0 0.01745329251
0 0.01745329251
0 0.01745329251
0 0.01745329251
0 0.01745329251
0 0.01745329251
0 0.01745329251
0 0.01745329251
0 0.01745329251
0 0.01745329251
0 0.01745329251
0 0.01745329251
0 0.01745329251
0 0.01745329251
0 0.01745329251
0 0.01745329251
0 0.01745329251
0 0.01745329251
0 0.01745329251
0 0.01745329251
0 0.01745329251
0 0.01745329251
0 0.01745329251
0 0.01745329251
0 0.01745329251
0 0.01745329251
0 0.01745329251
0 0.01745329251
0 0.01745329251
0 0.01745329251
0 0.01745329251
0 0.01745329251
0 0.01745329251
0 0.01745329251
0 0.01745329251
0 0.01745329251
0 0.01745329251
0 0.01745329251
0 0.01745329251
0 0.01745329251
0 0.01745329251
0 0.01745329251
0 0.01745329251
0 0.01745329251
0 0.01745329251
0 0.01745329251
0 0.01745329251
0 0.01745329251
0 0.01745329251
0 0.01745329251
0 0.01745329251
0 0.01745329251
0 0.01745329251
0 0.01745329251
0 0.01745329251
0 0.01745329251
0 0.01745329251
0 0.01745329251
0 0.01745329251
0 0.01745329251
0 0.01745329251
0 0.01745329251
0 0.01745329251
0 0.01745329251
0 0.01745329251
0 0.01745329251
0 0.01745329251
0 0.01745329251
0 0.01745329251
0 0.01745329251
0 0.01745329251
0 0.01745329251
0 0.01745329251
0 0.01745329251
0 0.01745329251
0 0.01745329251
0 0.01745329251
0 0.01745329251
0 0.01745329251